dpclk frequence address f3: 00040c01
ch\de   d0-h0   d1-h2   d2-h4   d3-h6   d4-h8   d5-ha   d6-hc   d7-he   d8-h10  d9-h12  d10-h14 d11-h16 d12-h18 d13-h1a d14-h1c d15-h1e d16-h20 d17-h22 d18-h24 d19-h26 d20-h28 d21-h2a d22-h2c d23-h2e d24-h30 d25-h32 d26-h34 d27-h36 d28-h38 d29-h3a d30-h3c d31-h3e d0-h0   d1-h2   d2-h4   d3-h6   d4-h8   d5-ha   d6-hc   d7-he   d8-h10  d9-h12  d10-h14 d11-h16 d12-h18 d13-h1a d14-h1c d15-h1e d16-h20 d17-h22 d18-h24 d19-h26 d20-h28 d21-h2a d22-h2c d23-h2e d24-h30 d25-h32 d26-h34 d27-h36 d28-h38 d29-h3a d30-h3c d31-h3e
c0	1036288	1036288	1036288	1036288	1036288	1036288	781956	410875	204545	62025	3097	0	0	0	0	0	0	0	0	0	0	0	0	0	0	0	0	0	0	0	0	0	0	0	0	0	0	0	0	0	427	2496	126140	404767	641640	264356	411017	1023720	1036288	1036288	1036288	1036288	1036288	1036288	1036288	1036288	1036288	1036288	1036288	1036288	1036288	1036288	1036288	1036288
c1	1036288	1036288	1036288	1036288	1036288	1036288	787844	547977	289377	126934	66	0	0	0	0	0	0	0	0	0	0	0	0	0	0	0	0	0	0	0	0	0	0	0	0	0	0	0	0	2	0	0	137816	2088	484244	650886	706252	1036288	1036288	1036288	1036288	1036288	1036288	1036288	1036288	1036288	1036288	1036288	1036288	1036288	1036288	1036288	1036288	1036288
c2	1036288	1036288	1036288	1036288	689728	110914	23736	3512	2	0	0	0	0	0	0	0	0	0	0	0	0	0	0	0	0	0	0	0	0	0	0	0	0	0	0	0	0	0	7	360	152248	46695	162090	329976	852779	1036288	1036288	1036288	1036288	1036288	1036288	1036288	1036288	1036288	1036288	1036288	1036288	1036288	1036288	1036288	1036288	1036288	1036288	1036288
c3	1036288	1036288	1036288	1036288	1036288	634793	198350	68090	18718	2098	6	0	0	0	0	0	0	0	0	0	0	0	0	0	0	0	0	0	0	0	0	0	0	0	0	0	0	0	0	0	573	12794	2876	505260	304495	354479	172856	1036288	1036288	1036288	1036288	1036288	1036288	1036288	1036288	1036288	1036288	1036288	1036288	1036288	1036288	1036288	1036288	1036288
c4	1036288	1036288	1036288	1036288	1036288	985730	560216	246925	9650	13	0	0	0	0	0	0	0	0	0	0	0	0	0	0	0	0	0	0	0	0	0	0	0	0	0	0	0	0	0	0	1207	50813	7107	126753	143123	918214	648849	1020147	1033237	1036288	1036288	1036288	1036288	1036288	1036288	1036288	1036288	1036288	1036288	1036288	1036288	1036288	1036288	1036288
c5	1036288	1036288	1036288	1036288	1005904	351964	115198	64768	937	0	0	0	0	0	0	0	0	0	0	0	0	0	0	0	0	0	0	0	0	0	0	0	0	0	0	0	0	0	0	0	65137	68913	157194	229036	195927	1019619	953686	946825	1036288	1036288	1036288	1036288	1036288	1036288	1036288	1036288	1036288	1036288	1036288	1036288	1036288	1036288	1036288	1036288
c6	1036288	1036288	1036288	1036288	1036288	876213	442188	218513	13611	79	0	0	0	0	0	0	0	0	0	0	0	0	0	0	0	0	0	0	0	0	0	0	0	0	0	0	0	0	0	0	0	2	924	255912	172602	173180	1036288	819186	1036288	1036288	1036288	1036288	1036288	1036288	1036288	1036288	1036288	1036288	1036288	1036288	1036288	1036288	1036288	1036288
c7	1036288	1036288	1036288	1036288	1036288	869582	523597	207404	10265	3	0	0	0	0	0	0	0	0	0	0	0	0	0	0	0	0	0	0	0	0	0	0	0	0	0	0	0	0	378	12	8839	35666	74236	371287	945751	583307	1018498	1036288	1036288	1036288	1036288	1036288	1036288	1036288	1036288	1036288	1036288	1036288	1036288	1036288	1036288	1036288	1036288	1036288
dpclk frequence address f3: 00040d01
ch\de   d0-h0   d1-h2   d2-h4   d3-h6   d4-h8   d5-ha   d6-hc   d7-he   d8-h10  d9-h12  d10-h14 d11-h16 d12-h18 d13-h1a d14-h1c d15-h1e d16-h20 d17-h22 d18-h24 d19-h26 d20-h28 d21-h2a d22-h2c d23-h2e d24-h30 d25-h32 d26-h34 d27-h36 d28-h38 d29-h3a d30-h3c d31-h3e d0-h0   d1-h2   d2-h4   d3-h6   d4-h8   d5-ha   d6-hc   d7-he   d8-h10  d9-h12  d10-h14 d11-h16 d12-h18 d13-h1a d14-h1c d15-h1e d16-h20 d17-h22 d18-h24 d19-h26 d20-h28 d21-h2a d22-h2c d23-h2e d24-h30 d25-h32 d26-h34 d27-h36 d28-h38 d29-h3a d30-h3c d31-h3e
c0	1036288	1036288	1036288	1036288	1036288	1036288	557405	524294	238789	275014	40823	3551	0	0	0	0	0	0	0	0	0	0	0	0	0	0	0	0	0	0	0	0	0	0	0	0	0	0	0	16015	150878	448573	900913	1036288	1035379	1036288	1036288	1036288	1036288	1036288	1036288	1036288	1036288	1036288	1036288	1036288	1036288	1036288	1036288	1036288	1036288	1036288	1036288	1036288
c1	1036288	1036288	1036288	1036288	1036288	1036288	900048	530041	493139	277218	7879	0	0	0	0	0	0	0	0	0	0	0	0	0	0	0	0	0	0	0	0	0	0	0	0	0	0	649	32	46	27371	147629	707435	1016327	1036288	1034990	1036288	1036288	1036288	1036288	1036288	1036288	1036288	1036288	1036288	1036288	1036288	1036288	1036288	1036288	1036288	1036288	1036288	1036288
c2	1036288	1036288	1036288	1036288	779215	486284	288968	24309	1686	2	0	0	0	0	0	0	0	0	0	0	0	0	0	0	0	0	0	0	0	0	0	0	0	0	0	214	1272	42943	679714	178939	926635	843076	729542	901734	1036288	1036288	1036288	1036288	1036288	1036288	1036288	1036288	1036288	1036288	1036288	1036288	1036288	1036288	1036288	1036288	1036288	1036288	1036288	1036288
c3	1036288	1036288	1036288	1036288	1036288	802651	588009	233927	67208	8228	12	0	0	0	0	0	0	0	0	0	0	0	0	0	0	0	0	0	0	0	0	0	0	0	0	0	0	0	96868	0	7500	65947	661076	736371	1036288	1036288	1036288	1036288	1036288	1036288	1036288	1036288	1036288	1036288	1036288	1036288	1036288	1036288	1036288	1036288	1036288	1036288	1036288	1036288
c4	1036288	1036288	1036288	1036288	1036288	879817	635076	515526	160241	1104	2	0	0	0	0	0	0	0	0	0	0	0	0	0	0	0	0	0	0	0	0	0	0	0	0	0	0	0	3	6017	4221	897828	213287	998779	1034328	1036288	1036288	1036288	1036288	1036288	1036288	1036288	1036288	1036288	1036288	1036288	1036288	1036288	1036288	1036288	1036288	1036288	1036288	1036288
c5	1036288	1036288	1036288	1036288	1036288	524712	496062	146675	61063	656	0	0	0	0	0	0	0	0	0	0	0	0	0	0	0	0	0	0	0	0	0	0	0	0	0	0	3650	262	4558	21957	205913	948661	1036288	810436	1036288	1036288	1036288	1036288	1036288	1036288	1036288	1036288	1036288	1036288	1036288	1036288	1036288	1036288	1036288	1036288	1036288	1036288	1036288	1036288
c6	1036288	1036288	1036288	1036288	1036288	1025568	765565	287113	194127	32971	881	0	0	0	0	0	0	0	0	0	0	0	0	0	0	0	0	0	0	0	0	0	0	0	0	0	0	0	2297	20	64411	78782	390930	1036288	1036288	1036288	1036288	1036288	1036288	1036288	1036288	1036288	1036288	1036288	1036288	1036288	1036288	1036288	1036288	1036288	1036288	1036288	1036288	1036288
c7	1036288	1036288	1036288	1036288	1036288	876213	585516	395920	165663	1476	0	0	0	0	0	0	0	0	0	0	0	0	0	0	0	0	0	0	0	0	0	0	0	0	0	23	354	39834	149256	717029	565403	1036288	861958	1003338	1036288	1036288	1036288	1036288	1036288	1036288	1036288	1036288	1036288	1036288	1036288	1036288	1036288	1036288	1036288	1036288	1036288	1036288	1036288	1036288
dpclk frequence address f3: 00040e01
ch\de   d0-h0   d1-h2   d2-h4   d3-h6   d4-h8   d5-ha   d6-hc   d7-he   d8-h10  d9-h12  d10-h14 d11-h16 d12-h18 d13-h1a d14-h1c d15-h1e d16-h20 d17-h22 d18-h24 d19-h26 d20-h28 d21-h2a d22-h2c d23-h2e d24-h30 d25-h32 d26-h34 d27-h36 d28-h38 d29-h3a d30-h3c d31-h3e d0-h0   d1-h2   d2-h4   d3-h6   d4-h8   d5-ha   d6-hc   d7-he   d8-h10  d9-h12  d10-h14 d11-h16 d12-h18 d13-h1a d14-h1c d15-h1e d16-h20 d17-h22 d18-h24 d19-h26 d20-h28 d21-h2a d22-h2c d23-h2e d24-h30 d25-h32 d26-h34 d27-h36 d28-h38 d29-h3a d30-h3c d31-h3e
c0	1036288	1036288	1036288	1036288	1036288	1036288	587834	521575	423536	335051	118257	41921	0	0	0	0	0	0	0	0	0	0	0	0	0	0	0	0	0	0	0	0	0	0	0	10128	157390	118572	466997	975516	728482	1036288	1036288	1036288	1036288	1036288	1036288	1036288	1036288	1036288	1036288	1036288	1036288	1036288	1036288	1036288	1036288	1036288	1036288	1036288	1036288	1036288	1036288	1036288
c1	1036288	1036288	1036288	1036288	1036288	1036288	858726	567741	519644	469869	347857	32550	1	0	0	0	0	0	0	0	0	0	0	0	0	0	0	0	0	0	0	0	0	0	0	0	751	2162	570040	197082	1019489	1036119	1036288	1036288	1036288	1036288	1036288	1036288	1036288	1036288	1036288	1036288	1036288	1036288	1036288	1036288	1036288	1036288	1036288	1036288	1036288	1036288	1036288	1036288
c2	1036288	1036288	1036288	1036288	836077	546407	432626	192313	73273	17425	3170	45	0	0	0	0	0	0	0	0	0	0	0	0	0	0	0	0	0	0	0	0	0	0	30	482	137885	152999	718403	1034448	824521	1036288	1036288	1036288	1036288	1036288	1036288	1036288	1036288	1036288	1036288	1036288	1036288	1036288	1036288	1036288	1036288	1036288	1036288	1036288	1036288	1036288	1036288	1036288
c3	1036288	1036288	1036288	1036288	1036288	776293	584706	431564	284406	69616	3649	4	0	0	0	0	0	0	0	0	0	0	0	0	0	0	0	0	0	0	0	0	0	0	0	570	1092	924	312788	452036	1036288	1033354	1036288	1036288	1036288	1036288	1036288	1036288	1036288	1036288	1036288	1036288	1036288	1036288	1036288	1036288	1036288	1036288	1036288	1036288	1036288	1036288	1036288	1036288
c4	1036288	1036288	1036288	1036288	1036288	1014234	632545	438465	316131	28081	218	0	0	0	0	0	0	0	0	0	0	0	0	0	0	0	0	0	0	0	0	0	0	0	0	2	34456	32963	198853	186923	784651	1036288	1036288	1036288	1036288	1036288	1036288	1036288	1036288	1036288	1036288	1036288	1036288	1036288	1036288	1036288	1036288	1036288	1036288	1036288	1036288	1036288	1036288	1036288
c5	1036288	1036288	1036288	1036288	1036288	710779	516468	130756	64795	23537	84	0	0	0	0	0	0	0	0	0	0	0	0	0	0	0	0	0	0	0	0	0	0	64	13	14558	35639	197647	195877	967838	1036288	1036288	1036288	1036288	1036288	1036288	1036288	1036288	1036288	1036288	1036288	1036288	1036288	1036288	1036288	1036288	1036288	1036288	1036288	1036288	1036288	1036288	1036288	1036288
c6	1036288	1036288	1036288	1036288	1036288	1036288	660336	529597	212086	182391	8260	3	0	0	0	0	0	0	0	0	0	0	0	0	0	0	0	0	0	0	0	0	0	0	0	0	212	8855	166463	422492	1036288	1007700	1036288	1036288	1036288	1036288	1036288	1036288	1036288	1036288	1036288	1036288	1036288	1036288	1036288	1036288	1036288	1036288	1036288	1036288	1036288	1036288	1036288	1036288
c7	1036288	1036288	1036288	1036288	1036288	925595	573813	526299	295596	31356	4464	2	0	0	0	0	0	0	0	0	0	0	0	0	0	0	0	0	0	0	0	0	0	0	188	367	102122	96453	374150	725757	1017814	1036288	1036288	1036288	1036288	1036288	1036288	1036288	1036288	1036288	1036288	1036288	1036288	1036288	1036288	1036288	1036288	1036288	1036288	1036288	1036288	1036288	1036288	1036288
dpclk frequence address f3: 00040f01
ch\de   d0-h0   d1-h2   d2-h4   d3-h6   d4-h8   d5-ha   d6-hc   d7-he   d8-h10  d9-h12  d10-h14 d11-h16 d12-h18 d13-h1a d14-h1c d15-h1e d16-h20 d17-h22 d18-h24 d19-h26 d20-h28 d21-h2a d22-h2c d23-h2e d24-h30 d25-h32 d26-h34 d27-h36 d28-h38 d29-h3a d30-h3c d31-h3e d0-h0   d1-h2   d2-h4   d3-h6   d4-h8   d5-ha   d6-hc   d7-he   d8-h10  d9-h12  d10-h14 d11-h16 d12-h18 d13-h1a d14-h1c d15-h1e d16-h20 d17-h22 d18-h24 d19-h26 d20-h28 d21-h2a d22-h2c d23-h2e d24-h30 d25-h32 d26-h34 d27-h36 d28-h38 d29-h3a d30-h3c d31-h3e
c0	1036288	1036288	1036288	1036288	1036288	1036288	883337	571524	377306	358509	211067	55875	729	0	0	0	0	0	0	0	0	0	0	0	0	0	0	0	0	0	0	0	1	1138	8944	121602	590205	904661	1036288	1036288	1036288	1036288	1036288	1036288	1036288	1036288	1036288	1036288	1036288	1036288	1036288	1036288	1036288	1036288	1036288	1036288	1036288	1036288	1036288	1036288	1036288	1036288	1036288	1036288
c1	1036288	1036288	1036288	1036288	1036288	1036288	960591	659137	533332	469241	409737	69439	823	0	0	0	0	0	0	0	0	0	0	0	0	0	0	0	0	0	0	0	0	0	0	13576	194277	965146	962474	1036288	1036288	1036288	1036288	1036288	1036288	1036288	1036288	1036288	1036288	1036288	1036288	1036288	1036288	1036288	1036288	1036288	1036288	1036288	1036288	1036288	1036288	1036288	1036288	1036288
c2	1036288	1036288	1036288	1036288	1036288	670472	544272	282540	204048	42432	14081	1836	1	0	0	0	0	0	0	0	0	0	0	0	0	0	0	0	0	0	0	225	13	50	72521	767738	440110	1036288	1036288	1036288	1036288	1036288	1036288	1036288	1036288	1036288	1036288	1036288	1036288	1036288	1036288	1036288	1036288	1036288	1036288	1036288	1036288	1036288	1036288	1036288	1036288	1036288	1036288	1036288
c3	1036288	1036288	1036288	1036288	1036288	897847	618451	537935	373847	110391	71683	6576	280	0	0	0	0	0	0	0	0	0	0	0	0	0	0	0	0	0	0	14	0	0	536	212628	225881	696993	1036288	1036288	1036288	1036288	1036288	1036288	1036288	1036288	1036288	1036288	1036288	1036288	1036288	1036288	1036288	1036288	1036288	1036288	1036288	1036288	1036288	1036288	1036288	1036288	1036288	1036288
c4	1036288	1036288	1036288	1036288	1036288	1036288	585074	520364	314301	54830	2650	0	0	0	0	0	0	0	0	0	0	0	0	0	0	0	0	0	0	0	0	0	0	11126	4288	16946	760533	623648	1031736	1036288	1036288	1036288	1036288	1036288	1036288	1036288	1036288	1036288	1036288	1036288	1036288	1036288	1036288	1036288	1036288	1036288	1036288	1036288	1036288	1036288	1036288	1036288	1036288	1036288
c5	1036288	1036288	1036288	1036288	1036288	873105	518049	399773	70518	65292	12767	35	0	0	0	0	0	0	0	0	0	0	0	0	0	0	0	0	0	0	1	3225	1951	7948	62033	577426	757986	1031838	1036288	1036132	1036288	1036288	1036288	1036288	1036288	1036288	1036288	1036288	1036288	1036288	1036288	1036288	1036288	1036288	1036288	1036288	1036288	1036288	1036288	1036288	1036288	1036288	1036288	1036288
c6	1036288	1036288	1036288	1036288	1036288	1036288	827684	597493	280803	194769	7360	449	0	0	0	0	0	0	0	0	0	0	0	0	0	0	0	0	0	0	0	0	92	0	1045	50901	151805	1036288	859501	1036288	1036288	1036288	1036288	1036288	1036288	1036288	1036288	1036288	1036288	1036288	1036288	1036288	1036288	1036288	1036288	1036288	1036288	1036288	1036288	1036288	1036288	1036288	1036288	1036288
c7	1036288	1036288	1036288	1036288	1036288	980778	641130	538854	398069	134510	29652	2495	0	0	0	0	0	0	0	0	0	0	0	0	0	0	0	0	0	0	0	362	174	7833	72080	258156	745514	1036288	1036288	1036288	1036288	1036288	1036288	1036288	1036288	1036288	1036288	1036288	1036288	1036288	1036288	1036288	1036288	1036288	1036288	1036288	1036288	1036288	1036288	1036288	1036288	1036288	1036288	1036288
