dpclk frequence address f3: 00040c01
ch\de	d0-h0	d1-h2	d2-h4	d3-h6	d4-h8	d5-ha	d6-hc	d7-he	d8-h10	d9-h12	d10-h14	d11-h16	d12-h18	d13-h1a	d14-h1c	d15-h1e	d16-h20	d17-h22	d18-h24	d19-h26	d20-h28	d21-h2a	d22-h2c	d23-h2e	d24-h30	d25-h32	d26-h34	d27-h36	d28-h38	d29-h3a	d30-h3c	d31-h3e	d0-h0	d1-h2	d2-h4	d3-h6	d4-h8	d5-ha	d6-hc	d7-he	d8-h10	d9-h12	d10-h14	d11-h16	d12-h18	d13-h1a	d14-h1c	d15-h1e	d16-h20	d17-h22	d18-h24	d19-h26	d20-h28	d21-h2a	d22-h2c	d23-h2e	d24-h30	d25-h32	d26-h34	d27-h36	d28-h38	d29-h3a	d30-h3c	d31-h3e
c0	2331648	2331648	2331648	2331648	1614664	1166791	1051444	435896	58245	611	0	0	0	0	0	0	0	0	0	0	0	0	0	0	0	0	0	0	0	0	0	0	0	0	0	0	0	136	8204	178040	363779	717232	1161006	1169957	1298988	1555795	1966541	2202906	2331648	2331648	2331648	2331648	2331648	2331648	2331648	2331648	2331648	2331648	2331648	2331648	2331648	2331648	2331648	2331648
c1	2331648	2331648	2331648	2331648	2224337	1181552	1165824	1165691	469026	43504	31	0	0	0	0	0	0	0	0	0	0	0	0	0	0	0	0	0	0	0	0	0	0	0	0	0	0	53	10061	210421	616988	1081636	1166198	1176477	1337649	1812852	2305478	2331648	2331648	2331648	2331648	2331648	2331648	2331648	2331648	2331648	2331648	2331648	2331648	2331648	2331648	2331648	2331648	2331648
c2	2331648	2331648	2331648	1758857	1171913	1052629	335070	61722	3381	0	0	0	0	0	0	0	0	0	0	0	0	0	0	0	0	0	0	0	0	0	0	0	0	0	0	0	0	292	6537	70892	321360	470946	770941	954862	1270506	1880037	2331648	2331648	2331648	2331648	2331648	2331648	2331648	2331648	2331648	2331648	2331648	2331648	2331648	2331648	2331648	2331648	2331648	2331648
c3	2331648	2331648	2331648	1500004	756193	343005	10375	0	0	0	0	0	0	0	0	0	0	0	0	0	0	0	0	0	0	0	0	0	0	0	0	0	0	0	0	0	0	0	7	2142	27685	187039	568946	1111695	1217830	1579728	2020142	2331648	2331648	2331648	2331648	2331648	2331648	2331648	2331648	2331648	2331648	2331648	2331648	2331648	2331648	2331648	2331648	2331648
c4	2331648	2331648	2331648	2331648	1654130	1168148	859763	276559	22536	1	0	0	0	0	0	0	0	0	0	0	0	0	0	0	0	0	0	0	0	0	0	0	0	0	0	0	0	59	6323	127218	524260	797089	1021133	1050675	1406777	1729488	2236886	2331648	2331648	2331648	2331648	2331648	2331648	2331648	2331648	2331648	2331648	2331648	2331648	2331648	2331648	2331648	2331648	2331648
c5	2331648	2331648	2331648	1790097	1024717	805420	308752	6495	3	0	0	0	0	0	0	0	0	0	0	0	0	0	0	0	0	0	0	0	0	0	0	0	0	0	0	0	0	0	114	6893	69140	323643	612544	931568	1192657	1840422	2327811	2331648	2331648	2331648	2331648	2331648	2331648	2331648	2331648	2331648	2331648	2331648	2331648	2331648	2331648	2331648	2331648	2331648
c6	2331648	2331648	2331648	2331648	1889792	1167458	1061727	196405	15479	2	0	0	0	0	0	0	0	0	0	0	0	0	0	0	0	0	0	0	0	0	0	0	0	0	0	0	0	7	1674	46082	240103	896242	1177761	1315223	1419959	2051017	2331648	2331648	2331648	2331648	2331648	2331648	2331648	2331648	2331648	2331648	2331648	2331648	2331648	2331648	2331648	2331648	2331648	2331648
c7	2331648	2331648	2331648	2331648	2327472	1253255	1166029	695252	214347	19739	0	0	0	0	0	0	0	0	0	0	0	0	0	0	0	0	0	0	0	0	0	0	0	0	0	0	0	183	9665	144122	652107	918354	1060476	1207729	1543739	2331648	2331648	2331648	2331648	2331648	2331648	2331648	2331648	2331648	2331648	2331648	2331648	2331648	2331648	2331648	2331648	2331648	2331648	2331648
dpclk frequence address f3: 00040d01
ch\de	d0-h0	d1-h2	d2-h4	d3-h6	d4-h8	d5-ha	d6-hc	d7-he	d8-h10	d9-h12	d10-h14	d11-h16	d12-h18	d13-h1a	d14-h1c	d15-h1e	d16-h20	d17-h22	d18-h24	d19-h26	d20-h28	d21-h2a	d22-h2c	d23-h2e	d24-h30	d25-h32	d26-h34	d27-h36	d28-h38	d29-h3a	d30-h3c	d31-h3e	d0-h0	d1-h2	d2-h4	d3-h6	d4-h8	d5-ha	d6-hc	d7-he	d8-h10	d9-h12	d10-h14	d11-h16	d12-h18	d13-h1a	d14-h1c	d15-h1e	d16-h20	d17-h22	d18-h24	d19-h26	d20-h28	d21-h2a	d22-h2c	d23-h2e	d24-h30	d25-h32	d26-h34	d27-h36	d28-h38	d29-h3a	d30-h3c	d31-h3e
c0	2331648	2331648	2331648	2331648	2232984	1181682	1165824	983902	290324	15506	0	0	0	0	0	0	0	0	0	0	0	0	0	0	0	0	0	0	0	0	0	0	0	34	3235	71487	487543	834889	1165825	1167273	1197239	1401102	1968023	2215086	2331648	2331648	2331648	2331648	2331648	2331648	2331648	2331648	2331648	2331648	2331648	2331648	2331648	2331648	2331648	2331648	2331648	2331648	2331648	2331648
c1	2331648	2331648	2331648	2331648	2331648	1264023	1165878	1165824	874578	91577	346	0	0	0	0	0	0	0	0	0	0	0	0	0	0	0	0	0	0	0	0	0	0	0	0	1249	38014	407979	933816	1165836	1169278	1218560	1802412	2331648	2331648	2331648	2331648	2331648	2331648	2331648	2331648	2331648	2331648	2331648	2331648	2331648	2331648	2331648	2331648	2331648	2331648	2331648	2331648	2331648
c2	2331648	2331648	2331648	2331648	1355344	1166441	1165824	482919	64657	2071	0	0	0	0	0	0	0	0	0	0	0	0	0	0	0	0	0	0	0	0	0	0	0	0	56	9150	108568	508139	879754	992087	1280686	1728246	2293778	2331648	2331648	2331648	2331648	2331648	2331648	2331648	2331648	2331648	2331648	2331648	2331648	2331648	2331648	2331648	2331648	2331648	2331648	2331648	2331648	2331648
c3	2331648	2331648	2331648	2120779	1230832	1137973	400644	39474	25	0	0	0	0	0	0	0	0	0	0	0	0	0	0	0	0	0	0	0	0	0	0	0	0	0	0	4324	133667	587600	981689	1165844	1172948	1417097	1894055	2331648	2331648	2331648	2331648	2331648	2331648	2331648	2331648	2331648	2331648	2331648	2331648	2331648	2331648	2331648	2331648	2331648	2331648	2331648	2331648	2331648
c4	2331648	2331648	2331648	2331648	2326678	1200363	1165867	937389	132035	2794	0	0	0	0	0	0	0	0	0	0	0	0	0	0	0	0	0	0	0	0	0	0	0	3	748	31171	366653	797796	1026522	1055775	1373655	1690446	2287647	2331648	2331648	2331648	2331648	2331648	2331648	2331648	2331648	2331648	2331648	2331648	2331648	2331648	2331648	2331648	2331648	2331648	2331648	2331648	2331648	2331648
c5	2331648	2331648	2331648	2229847	1258036	1165827	913207	557091	82689	1325	0	0	0	0	0	0	0	0	0	0	0	0	0	0	0	0	0	0	0	0	0	0	0	0	720	31741	294414	357613	680528	973338	1204614	1836206	2331648	2331648	2331648	2331648	2331648	2331648	2331648	2331648	2331648	2331648	2331648	2331648	2331648	2331648	2331648	2331648	2331648	2331648	2331648	2331648	2331648	2331648
c6	2331648	2331648	2331648	2331648	2331648	1218365	1165856	1028605	145994	4272	0	0	0	0	0	0	0	0	0	0	0	0	0	0	0	0	0	0	0	0	0	0	0	13	1162	36640	243455	783610	1053091	1240658	1414202	1959552	2331648	2331648	2331648	2331648	2331648	2331648	2331648	2331648	2331648	2331648	2331648	2331648	2331648	2331648	2331648	2331648	2331648	2331648	2331648	2331648	2331648	2331648
c7	2331648	2331648	2331648	2331648	2331648	1426081	1177125	1165825	670731	186559	4251	0	0	0	0	0	0	0	0	0	0	0	0	0	0	0	0	0	0	0	0	0	0	2	163	7920	105918	551266	1022643	1059727	1231073	1947800	2331648	2331648	2331648	2331648	2331648	2331648	2331648	2331648	2331648	2331648	2331648	2331648	2331648	2331648	2331648	2331648	2331648	2331648	2331648	2331648	2331648	2331648
dpclk frequence address f3: 00040e01
ch\de	d0-h0	d1-h2	d2-h4	d3-h6	d4-h8	d5-ha	d6-hc	d7-he	d8-h10	d9-h12	d10-h14	d11-h16	d12-h18	d13-h1a	d14-h1c	d15-h1e	d16-h20	d17-h22	d18-h24	d19-h26	d20-h28	d21-h2a	d22-h2c	d23-h2e	d24-h30	d25-h32	d26-h34	d27-h36	d28-h38	d29-h3a	d30-h3c	d31-h3e	d0-h0	d1-h2	d2-h4	d3-h6	d4-h8	d5-ha	d6-hc	d7-he	d8-h10	d9-h12	d10-h14	d11-h16	d12-h18	d13-h1a	d14-h1c	d15-h1e	d16-h20	d17-h22	d18-h24	d19-h26	d20-h28	d21-h2a	d22-h2c	d23-h2e	d24-h30	d25-h32	d26-h34	d27-h36	d28-h38	d29-h3a	d30-h3c	d31-h3e
c0	2331648	2331648	2331648	2331648	2331648	1213984	1165842	1165824	517774	58185	295	0	0	0	0	0	0	0	0	0	0	0	0	0	0	0	0	0	0	7	5515	98781	277482	758952	949269	1166099	1188299	1370541	1671434	2089686	2331648	2331648	2331648	2331648	2331648	2331648	2331648	2331648	2331648	2331648	2331648	2331648	2331648	2331648	2331648	2331648	2331648	2331648	2331648	2331648	2331648	2331648	2331648	2331648
c1	2331648	2331648	2331648	2331648	2331648	1368920	1166296	1165824	1160249	166603	1740	0	0	0	0	0	0	0	0	0	0	0	0	0	0	0	0	0	0	0	0	0	0	3775	65176	428303	935134	1166163	1199794	1631043	2170957	2331648	2331648	2331648	2331648	2331648	2331648	2331648	2331648	2331648	2331648	2331648	2331648	2331648	2331648	2331648	2331648	2331648	2331648	2331648	2331648	2331648	2331648	2331648
c2	2331648	2331648	2331648	2331648	2151091	1200799	1165867	1150103	412558	60418	3203	0	0	0	0	0	0	0	0	0	0	0	0	0	0	0	0	0	0	0	2039	77734	218512	598746	732088	1061129	1275156	1786548	2141617	2331648	2331648	2331648	2331648	2331648	2331648	2331648	2331648	2331648	2331648	2331648	2331648	2331648	2331648	2331648	2331648	2331648	2331648	2331648	2331648	2331648	2331648	2331648	2331648	2331648
c3	2331648	2331648	2331648	2325530	1506824	1167233	1053751	519763	60140	20	0	0	0	0	0	0	0	0	0	0	0	0	0	0	0	0	0	0	0	0	16	22772	74925	426590	1054310	1165824	1166333	1316675	1572874	2132844	2331648	2331648	2331648	2331648	2331648	2331648	2331648	2331648	2331648	2331648	2331648	2331648	2331648	2331648	2331648	2331648	2331648	2331648	2331648	2331648	2331648	2331648	2331648	2331648
c4	2331648	2331648	2331648	2331648	2331648	1251254	1167124	1165824	515121	40639	0	0	0	0	0	0	0	0	0	0	0	0	0	0	0	0	0	0	0	0	465	31042	84985	442088	1024184	1074325	1198474	1612277	1914261	2212321	2331648	2331648	2331648	2331648	2331648	2331648	2331648	2331648	2331648	2331648	2331648	2331648	2331648	2331648	2331648	2331648	2331648	2331648	2331648	2331648	2331648	2331648	2331648	2331648
c5	2331648	2331648	2331648	2331648	1777866	1168002	1165824	1057188	545344	50943	735	0	0	0	0	0	0	0	0	0	0	0	0	0	0	0	0	0	0	101	14873	216027	301497	515000	740803	1058580	1224526	1983453	2331648	2331648	2331648	2331648	2331648	2331648	2331648	2331648	2331648	2331648	2331648	2331648	2331648	2331648	2331648	2331648	2331648	2331648	2331648	2331648	2331648	2331648	2331648	2331648	2331648	2331648
c6	2331648	2331648	2331648	2331648	2331648	1254869	1166209	1165824	529475	28316	32	0	0	0	0	0	0	0	0	0	0	0	0	0	0	0	0	0	0	4	2561	57623	108991	534783	913693	1168765	1348417	1680694	2078963	2331648	2331648	2331648	2331648	2331648	2331648	2331648	2331648	2331648	2331648	2331648	2331648	2331648	2331648	2331648	2331648	2331648	2331648	2331648	2331648	2331648	2331648	2331648	2331648	2331648
c7	2331648	2331648	2331648	2331648	2331648	1453681	1184686	1165847	1041069	269549	38501	76	0	0	0	0	0	0	0	0	0	0	0	0	0	0	0	0	0	0	17	4999	27799	384738	769857	960057	1165827	1185127	1986736	2331648	2331648	2331648	2331648	2331648	2331648	2331648	2331648	2331648	2331648	2331648	2331648	2331648	2331648	2331648	2331648	2331648	2331648	2331648	2331648	2331648	2331648	2331648	2331648	2331648
dpclk frequence address f3: 00040f01
ch\de	d0-h0	d1-h2	d2-h4	d3-h6	d4-h8	d5-ha	d6-hc	d7-he	d8-h10	d9-h12	d10-h14	d11-h16	d12-h18	d13-h1a	d14-h1c	d15-h1e	d16-h20	d17-h22	d18-h24	d19-h26	d20-h28	d21-h2a	d22-h2c	d23-h2e	d24-h30	d25-h32	d26-h34	d27-h36	d28-h38	d29-h3a	d30-h3c	d31-h3e	d0-h0	d1-h2	d2-h4	d3-h6	d4-h8	d5-ha	d6-hc	d7-he	d8-h10	d9-h12	d10-h14	d11-h16	d12-h18	d13-h1a	d14-h1c	d15-h1e	d16-h20	d17-h22	d18-h24	d19-h26	d20-h28	d21-h2a	d22-h2c	d23-h2e	d24-h30	d25-h32	d26-h34	d27-h36	d28-h38	d29-h3a	d30-h3c	d31-h3e
c0	2331648	2331648	2331648	2331648	2331648	1255754	1166656	1165824	550125	61243	1241	0	0	0	0	0	0	0	0	0	0	0	0	0	0	0	0	25	4534	116199	682359	1055074	1144749	1168384	1198785	1371054	1605656	2190506	2283192	2331648	2331648	2331648	2331648	2331648	2331648	2331648	2331648	2331648	2331648	2331648	2331648	2331648	2331648	2331648	2331648	2331648	2331648	2331648	2331648	2331648	2331648	2331648	2331648	2331648
c1	2331648	2331648	2331648	2331648	2331648	1543216	1166840	1165824	984986	286070	4462	0	0	0	0	0	0	0	0	0	0	0	0	0	0	0	0	0	0	0	233	7096	22355	213364	446895	921596	1178945	1811139	2331648	2331648	2331648	2331648	2331648	2331648	2331648	2331648	2331648	2331648	2331648	2331648	2331648	2331648	2331648	2331648	2331648	2331648	2331648	2331648	2331648	2331648	2331648	2331648	2331648	2331648
c2	2331648	2331648	2331648	2331648	2279806	1226177	1166298	1147781	548228	189112	21792	139	0	0	0	0	0	0	0	0	0	0	0	0	0	0	3	1561	43298	457125	682388	1070910	1166936	1202349	1531493	1954906	2331648	2331648	2331648	2331648	2331648	2331648	2331648	2331648	2331648	2331648	2331648	2331648	2331648	2331648	2331648	2331648	2331648	2331648	2331648	2331648	2331648	2331648	2331648	2331648	2331648	2331648	2331648	2331648
c3	2331648	2331648	2331648	2331648	1992622	1178551	1165824	870240	228552	4339	0	0	0	0	0	0	0	0	0	0	0	0	0	0	0	0	0	7	4285	116019	572341	1089847	1165824	1165865	1172485	1503663	2094633	2331648	2331648	2331648	2331648	2331648	2331648	2331648	2331648	2331648	2331648	2331648	2331648	2331648	2331648	2331648	2331648	2331648	2331648	2331648	2331648	2331648	2331648	2331648	2331648	2331648	2331648	2331648
c4	2331648	2331648	2331648	2331648	2331648	1421709	1171351	1165827	741515	39773	3	0	0	0	0	0	0	0	0	0	0	0	0	0	0	0	0	5	1747	41691	379488	855178	1025949	1085326	1191242	1630650	2000458	2331648	2331648	2331648	2331648	2331648	2331648	2331648	2331648	2331648	2331648	2331648	2331648	2331648	2331648	2331648	2331648	2331648	2331648	2331648	2331648	2331648	2331648	2331648	2331648	2331648	2331648	2331648
c5	2331648	2331648	2331648	2331648	2216489	1173356	1165824	1081767	721860	93593	1121	0	0	0	0	0	0	0	0	0	0	0	0	0	0	0	6	8640	75960	321548	621437	903564	1048810	1246375	1456274	2331511	2331648	2331648	2331648	2331648	2331648	2331648	2331648	2331648	2331648	2331648	2331648	2331648	2331648	2331648	2331648	2331648	2331648	2331648	2331648	2331648	2331648	2331648	2331648	2331648	2331648	2331648	2331648	2331648
c6	2331648	2331648	2331648	2331648	2331648	1317278	1167663	1165689	563948	39271	115	0	0	0	0	0	0	0	0	0	0	0	0	0	0	0	0	56	3307	46178	304514	950042	1067329	1239688	1318674	1561259	2102116	2331648	2331648	2331648	2331648	2331648	2331648	2331648	2331648	2331648	2331648	2331648	2331648	2331648	2331648	2331648	2331648	2331648	2331648	2331648	2331648	2331648	2331648	2331648	2331648	2331648	2331648	2331648
c7	2331648	2331648	2331648	2331648	2331648	1565185	1204356	1165949	983760	269080	50383	101	0	0	0	0	0	0	0	0	0	0	0	0	0	0	0	0	450	15901	165547	420135	586673	1020674	1036284	1193863	1650271	2331648	2331648	2331648	2331648	2331648	2331648	2331648	2331648	2331648	2331648	2331648	2331648	2331648	2331648	2331648	2331648	2331648	2331648	2331648	2331648	2331648	2331648	2331648	2331648	2331648	2331648	2331648
