dpclk frequence address f3: 00030c01
ch\de	d0-h0	d1-h2	d2-h4	d3-h6	d4-h8	d5-ha	d6-hc	d7-he	d8-h10	d9-h12	d10-h14	d11-h16	d12-h18	d13-h1a	d14-h1c	d15-h1e	d16-h20	d17-h22	d18-h24	d19-h26	d20-h28	d21-h2a	d22-h2c	d23-h2e	d24-h30	d25-h32	d26-h34	d27-h36	d28-h38	d29-h3a	d30-h3c	d31-h3e	d0-h0	d1-h2	d2-h4	d3-h6	d4-h8	d5-ha	d6-hc	d7-he	d8-h10	d9-h12	d10-h14	d11-h16	d12-h18	d13-h1a	d14-h1c	d15-h1e	d16-h20	d17-h22	d18-h24	d19-h26	d20-h28	d21-h2a	d22-h2c	d23-h2e	d24-h30	d25-h32	d26-h34	d27-h36	d28-h38	d29-h3a	d30-h3c	d31-h3e
c0	2331648	2331648	2331648	2331648	2010009	1183743	1165825	1074580	190480	5508	0	0	0	0	0	0	0	0	0	0	0	0	0	0	0	0	2	8046	126697	890021	1116053	1165824	1165834	1169536	1295237	1932732	2331648	2331648	2331648	2331648	2331648	2331648	2331648	2331648	2331648	2331648	2331648	2331648	2331648	2331648	2331648	2331648	2331648	2331648	2331648	2331648	2331648	2331648	2331648	2331648	2331648	2331648	2331648	2331648
c1	2331648	2331648	2331648	2331648	2331648	1474033	1169397	1165825	887513	252590	17952	14	0	0	0	0	0	0	0	0	0	0	0	0	0	0	0	0	0	0	91	4645	10665	90207	555612	897655	1053369	1781476	2331648	2331648	2331648	2331648	2331648	2331648	2331648	2331648	2331648	2331648	2331648	2331648	2331648	2331648	2331648	2331648	2331648	2331648	2331648	2331648	2331648	2331648	2331648	2331648	2331648	2331648
c2	2331648	2331648	2331648	2331648	2331514	1230320	1165975	1014783	374139	34990	348	0	0	0	0	0	0	0	0	0	0	0	0	0	385	19876	209675	346953	777728	1056350	1165824	1165872	1166731	1200813	1520816	2331648	2331648	2331648	2331648	2331648	2331648	2331648	2331648	2331648	2331648	2331648	2331648	2331648	2331648	2331648	2331648	2331648	2331648	2331648	2331648	2331648	2331648	2331648	2331648	2331648	2331648	2331648	2331648	2331648
c3	2331648	2331648	2331648	2331648	2331648	1281447	1165827	1165824	667495	58621	674	0	0	0	0	0	0	0	0	0	0	0	0	0	0	0	0	40	21877	248894	850271	1165824	1165881	1170682	1377307	1998311	2331648	2331648	2331648	2331648	2331648	2331648	2331648	2331648	2331648	2331648	2331648	2331648	2331648	2331648	2331648	2331648	2331648	2331648	2331648	2331648	2331648	2331648	2331648	2331648	2331648	2331648	2331648	2331648
c4	2331648	2331648	2331648	2331648	2331648	1282068	1165917	1165824	372162	34344	5792	18	0	0	0	0	0	0	0	0	0	0	0	0	0	0	0	0	1523	47493	334226	560212	904347	1113333	1382498	2129512	2331648	2331648	2331648	2331648	2331648	2331648	2331648	2331648	2331648	2331648	2331648	2331648	2331648	2331648	2331648	2331648	2331648	2331648	2331648	2331648	2331648	2331648	2331648	2331648	2331648	2331648	2331648	2331648
c5	2331648	2331648	2331648	2331648	2331648	1404164	1167103	1088483	778510	75807	6269	0	0	0	0	0	0	0	0	0	0	0	0	0	0	0	0	346	32500	390208	916604	1076276	1168346	1212181	1534034	2183178	2331648	2331648	2331648	2331648	2331648	2331648	2331648	2331648	2331648	2331648	2331648	2331648	2331648	2331648	2331648	2331648	2331648	2331648	2331648	2331648	2331648	2331648	2331648	2331648	2331648	2331648	2331648	2331648
c6	2331648	2331648	2331648	2331648	2331648	1277081	1165955	1165824	797749	24718	22	0	0	0	0	0	0	0	0	0	0	0	0	0	0	0	0	0	8	1001	27282	456546	921470	1106253	1177351	1392331	1959341	2222756	2331648	2331648	2331648	2331648	2331648	2331648	2331648	2331648	2331648	2331648	2331648	2331648	2331648	2331648	2331648	2331648	2331648	2331648	2331648	2331648	2331648	2331648	2331648	2331648	2331648	2331648
c7	2331648	2331648	2331648	2331648	2207329	1190522	1165824	890102	152065	1615	0	0	0	0	0	0	0	0	0	0	0	0	0	0	0	0	0	4	3219	33092	222715	548181	691078	1164753	1171865	1420480	2052318	2331648	2331648	2331648	2331648	2331648	2331648	2331648	2331648	2331648	2331648	2331648	2331648	2331648	2331648	2331648	2331648	2331648	2331648	2331648	2331648	2331648	2331648	2331648	2331648	2331648	2331648	2331648
dpclk frequence address f3: 00030d01
ch\de	d0-h0	d1-h2	d2-h4	d3-h6	d4-h8	d5-ha	d6-hc	d7-he	d8-h10	d9-h12	d10-h14	d11-h16	d12-h18	d13-h1a	d14-h1c	d15-h1e	d16-h20	d17-h22	d18-h24	d19-h26	d20-h28	d21-h2a	d22-h2c	d23-h2e	d24-h30	d25-h32	d26-h34	d27-h36	d28-h38	d29-h3a	d30-h3c	d31-h3e	d0-h0	d1-h2	d2-h4	d3-h6	d4-h8	d5-ha	d6-hc	d7-he	d8-h10	d9-h12	d10-h14	d11-h16	d12-h18	d13-h1a	d14-h1c	d15-h1e	d16-h20	d17-h22	d18-h24	d19-h26	d20-h28	d21-h2a	d22-h2c	d23-h2e	d24-h30	d25-h32	d26-h34	d27-h36	d28-h38	d29-h3a	d30-h3c	d31-h3e
c0	2331648	2331648	2331648	2331648	2002812	1178171	1165824	821091	71845	776	0	0	0	0	0	0	0	0	0	0	0	0	0	0	0	52	3786	76348	875389	959230	1217532	1615277	1656535	1882179	2331648	2331648	2331648	2331648	2331648	2331648	2331648	2331648	2331648	2331648	2331648	2331648	2331648	2331648	2331648	2331648	2331648	2331648	2331648	2331648
c1	2331648	2331648	2331648	2331648	2331648	1267776	1166337	1165824	746221	57748	2862	4	0	0	0	0	0	0	0	0	0	0	0	0	0	0	0	0	1615	7291	20770	303248	538859	992771	1407432	2331648	2331648	2331648	2331648	2331648	2331648	2331648	2331648	2331648	2331648	2331648	2331648	2331648	2331648	2331648	2331648	2331648
c2	2331648	2331648	2331648	2331648	2031355	1175809	1099465	604893	99034	1291	0	0	0	0	0	0	0	0	0	0	1	164	6800	99377	322795	779279	1042464	1165824	1165854	1168405	1268802	2028091	2331648	2331648	2331648	2331648	2331648	2331648	2331648	2331648	2331648	2331648	2331648	2331648	2331648	2331648	2331648	2331648	2331648	2331648	2331648	2331648	2331648	2331648	2331648	2331648	2331648	2331648	2331648	2331648	2331648
c3	2331648	2331648	2331648	2331648	2331648	1328172	1165824	1083054	185900	3067	0	0	0	0	0	0	0	0	0	0	0	0	0	2	167	8098	92611	493727	1165824	1165838	1171757	1372861	1670635	2104592	2331648	2331648	2331648	2331648	2331648	2331648	2331648	2331648	2331648	2331648	2331648	2331648	2331648	2331648	2331648	2331648	2331648	2331648	2331648	2331648	2331648	2331648	2331648	2331648
c4	2331648	2331648	2331648	2331648	2331648	1237459	1165865	1165824	315840	26470	3891	2	0	0	0	0	0	0	0	0	0	0	0	0	0	38	848	13920	251813	443050	493902	662733	888321	1965482	2331648	2331648	2331648	2331648	2331648	2331648	2331648	2331648	2331648	2331648	2331648	2331648	2331648	2331648	2331648	2331648	2331648
c5	2331648	2331648	2331648	2331648	2331648	1331323	1165977	1049077	214287	9883	74	0	0	0	0	0	0	0	0	0	0	0	0	23	130	3708	48151	493096	1165594	1168415	1235223	1489917	1589864	2182498	2331648	2331648	2331648	2331648	2331648	2331648	2331648	2331648	2331648	2331648	2331648	2331648	2331648	2331648	2331648	2331648	2331648	2331648	2331648	2331648	2331648	2331648	2331648
c6	2331648	2331648	2331648	2331648	2331380	1227139	1165841	1140276	566649	6769	2	0	0	0	0	0	0	0	0	0	0	0	0	0	0	0	11	657	6108	17890	34174	160221	400251	1183725	1930141	2218526	2331648	2331648	2331648	2331648	2331648	2331648	2331648	2331648	2331648	2331648	2331648	2331648	2331648	2331648	2331648
c7	2331648	2331648	2331648	2331648	2004604	1170835	1024042	656670	18621	1	0	0	0	0	0	0	0	0	0	0	0	0	0	0	0	0	7	603	6541	21670	260755	787873	938000	1403566	2146778	2331648	2331648	2331648	2331648	2331648	2331648	2331648	2331648	2331648	2331648	2331648	2331648	2331648	2331648	2331648
dpclk frequence address f3: 00030e01
ch\de	d0-h0	d1-h2	d2-h4	d3-h6	d4-h8	d5-ha	d6-hc	d7-he	d8-h10	d9-h12	d10-h14	d11-h16	d12-h18	d13-h1a	d14-h1c	d15-h1e	d16-h20	d17-h22	d18-h24	d19-h26	d20-h28	d21-h2a	d22-h2c	d23-h2e	d24-h30	d25-h32	d26-h34	d27-h36	d28-h38	d29-h3a	d30-h3c	d31-h3e	d0-h0	d1-h2	d2-h4	d3-h6	d4-h8	d5-ha	d6-hc	d7-he	d8-h10	d9-h12	d10-h14	d11-h16	d12-h18	d13-h1a	d14-h1c	d15-h1e	d16-h20	d17-h22	d18-h24	d19-h26	d20-h28	d21-h2a	d22-h2c	d23-h2e	d24-h30	d25-h32	d26-h34	d27-h36	d28-h38	d29-h3a	d30-h3c	d31-h3e
c0	2331648	2331648	2331648	2331648	1836199	1175351	1165824	973004	70751	1718	0	0	0	0	0	0	0	0	0	0	0	0	0	0	1145	15529	26708	38693	111832	786675	1492905	2193331	2331648	2331648
c1	2331648	2331648	2331648	2331648	2123251	1205647	1165849	1165824	778485	78449	1334	3	0	0	0	0	0	0	0	0	0	0	0	0	0	339	3836	15771	37514	193821	525226	1200275
c2	2331648	2331648	2331648	2331648	1352354	1166328	704288	240581	16930	774	4	3	0	1	3	4	1	1	3	2	121	2918	41966	302693	358575	749299	990032	1198560	1508874	1958323	2331648	2331648	2331648	2331648	2331648	2331648	2331648	2331648	2331648	2331648	2331648	2331648
c3	2331648	2331648	2331648	2331648	2253077	1210952	1165824	586822	23067	31	0	0	0	0	0	0	0	0	0	0	0	0	304	14291	320170	547384	925967	1058568	1168893	1224475	1621094	2038078	2331648	2331648	2331648	2331648	2331648	2331648	2331648